<html>
<head><meta charset="utf-8" /></head>
<body>
    <div>                        <script>window.PlotlyConfig = {MathJaxConfig: 'local'};</script>
        <script charset="utf-8" src="https://cdn.plot.ly/plotly-3.4.0.min.js" integrity="sha256-KEmPoupLpFyGMyGAiOsiNDbKDKAvxXAn/W+oQa0ZAfk=" crossorigin="anonymous"></script>                <div id="3b3ee73e-3da7-4adb-b453-008d1931f473" class="plotly-graph-div" style="height:600px; width:700px;"></div>            <script>                window.PLOTLYENV=window.PLOTLYENV || {};                                if (document.getElementById("3b3ee73e-3da7-4adb-b453-008d1931f473")) {                    Plotly.newPlot(                        "3b3ee73e-3da7-4adb-b453-008d1931f473",                        [{"colorscale":[[0.0,"rgb(5,48,97)"],[0.1,"rgb(33,102,172)"],[0.2,"rgb(67,147,195)"],[0.3,"rgb(146,197,222)"],[0.4,"rgb(209,229,240)"],[0.5,"rgb(247,247,247)"],[0.6,"rgb(253,219,199)"],[0.7,"rgb(244,165,130)"],[0.8,"rgb(214,96,77)"],[0.9,"rgb(178,24,43)"],[1.0,"rgb(103,0,31)"]],"text":[["1.0","0.123","0.069","0.154","0.064","0.067","0.423"],["0.123","1.0","0.097","0.145","0.088","0.085","0.505"],["0.069","0.097","1.0","0.235","0.128","0.053","0.346"],["0.154","0.145","0.235","1.0","0.185","0.097","0.471"],["0.064","0.088","0.128","0.185","1.0","0.055","0.571"],["0.067","0.085","0.053","0.097","0.055","1.0","0.396"],["0.423","0.505","0.346","0.471","0.571","0.396","1.0"]],"texttemplate":"%{text}","x":["English","Spanish","French","Quechua","Russian","Swahili","Turkish"],"y":["English","Spanish","French","Quechua","Russian","Swahili","Turkish"],"z":{"dtype":"f8","bdata":"AAAAAAAA8D8AAACAKWW\u002fPwAAAOArorE\u002fAAAAQLOrwz8AAADA\u002fm6wPwAAAGBeIbE\u002fAAAAoDIS2z8AAACAKWW\u002fPwAAAAAAAPA\u002fAAAAAPzJuD8AAADg6pzCPwAAAGBfbLY\u002fAAAAINzVtT8AAACgNyjgPwAAAOArorE\u002fAAAAAPzJuD8AAAAAAADwPwAAACD1I84\u002fAAAAYN5hwD8AAADAtQarPwAAAMBRIdY\u002fAAAAQLOrwz8AAADg6pzCPwAAACD1I84\u002fAAAAAAAA8D8AAADADqfHPwAAAICH1rg\u002fAAAAQHok3j8AAADA\u002fm6wPwAAAGBfbLY\u002fAAAAYN5hwD8AAADADqfHPwAAAAAAAPA\u002fAAAAgG0OrD8AAAAgkEHiPwAAAGBeIbE\u002fAAAAINzVtT8AAADAtQarPwAAAICH1rg\u002fAAAAgG0OrD8AAAAAAADwPwAAAEB8X9k\u002fAAAAoDIS2z8AAACgNyjgPwAAAMBRIdY\u002fAAAAQHok3j8AAAAgkEHiPwAAAEB8X9k\u002fAAAAAAAA8D8=","shape":"7, 7"},"zmax":1,"zmin":0,"type":"heatmap"}],                        {"template":{"data":{"histogram2dcontour":[{"type":"histogram2dcontour","colorbar":{"outlinewidth":0,"ticks":""},"colorscale":[[0.0,"#0d0887"],[0.1111111111111111,"#46039f"],[0.2222222222222222,"#7201a8"],[0.3333333333333333,"#9c179e"],[0.4444444444444444,"#bd3786"],[0.5555555555555556,"#d8576b"],[0.6666666666666666,"#ed7953"],[0.7777777777777778,"#fb9f3a"],[0.8888888888888888,"#fdca26"],[1.0,"#f0f921"]]}],"choropleth":[{"type":"choropleth","colorbar":{"outlinewidth":0,"ticks":""}}],"histogram2d":[{"type":"histogram2d","colorbar":{"outlinewidth":0,"ticks":""},"colorscale":[[0.0,"#0d0887"],[0.1111111111111111,"#46039f"],[0.2222222222222222,"#7201a8"],[0.3333333333333333,"#9c179e"],[0.4444444444444444,"#bd3786"],[0.5555555555555556,"#d8576b"],[0.6666666666666666,"#ed7953"],[0.7777777777777778,"#fb9f3a"],[0.8888888888888888,"#fdca26"],[1.0,"#f0f921"]]}],"heatmap":[{"type":"heatmap","colorbar":{"outlinewidth":0,"ticks":""},"colorscale":[[0.0,"#0d0887"],[0.1111111111111111,"#46039f"],[0.2222222222222222,"#7201a8"],[0.3333333333333333,"#9c179e"],[0.4444444444444444,"#bd3786"],[0.5555555555555556,"#d8576b"],[0.6666666666666666,"#ed7953"],[0.7777777777777778,"#fb9f3a"],[0.8888888888888888,"#fdca26"],[1.0,"#f0f921"]]}],"contourcarpet":[{"type":"contourcarpet","colorbar":{"outlinewidth":0,"ticks":""}}],"contour":[{"type":"contour","colorbar":{"outlinewidth":0,"ticks":""},"colorscale":[[0.0,"#0d0887"],[0.1111111111111111,"#46039f"],[0.2222222222222222,"#7201a8"],[0.3333333333333333,"#9c179e"],[0.4444444444444444,"#bd3786"],[0.5555555555555556,"#d8576b"],[0.6666666666666666,"#ed7953"],[0.7777777777777778,"#fb9f3a"],[0.8888888888888888,"#fdca26"],[1.0,"#f0f921"]]}],"surface":[{"type":"surface","colorbar":{"outlinewidth":0,"ticks":""},"colorscale":[[0.0,"#0d0887"],[0.1111111111111111,"#46039f"],[0.2222222222222222,"#7201a8"],[0.3333333333333333,"#9c179e"],[0.4444444444444444,"#bd3786"],[0.5555555555555556,"#d8576b"],[0.6666666666666666,"#ed7953"],[0.7777777777777778,"#fb9f3a"],[0.8888888888888888,"#fdca26"],[1.0,"#f0f921"]]}],"mesh3d":[{"type":"mesh3d","colorbar":{"outlinewidth":0,"ticks":""}}],"scatter":[{"fillpattern":{"fillmode":"overlay","size":10,"solidity":0.2},"type":"scatter"}],"parcoords":[{"type":"parcoords","line":{"colorbar":{"outlinewidth":0,"ticks":""}}}],"scatterpolargl":[{"type":"scatterpolargl","marker":{"colorbar":{"outlinewidth":0,"ticks":""}}}],"bar":[{"error_x":{"color":"#2a3f5f"},"error_y":{"color":"#2a3f5f"},"marker":{"line":{"color":"#E5ECF6","width":0.5},"pattern":{"fillmode":"overlay","size":10,"solidity":0.2}},"type":"bar"}],"scattergeo":[{"type":"scattergeo","marker":{"colorbar":{"outlinewidth":0,"ticks":""}}}],"scatterpolar":[{"type":"scatterpolar","marker":{"colorbar":{"outlinewidth":0,"ticks":""}}}],"histogram":[{"marker":{"pattern":{"fillmode":"overlay","size":10,"solidity":0.2}},"type":"histogram"}],"scattergl":[{"type":"scattergl","marker":{"colorbar":{"outlinewidth":0,"ticks":""}}}],"scatter3d":[{"type":"scatter3d","line":{"colorbar":{"outlinewidth":0,"ticks":""}},"marker":{"colorbar":{"outlinewidth":0,"ticks":""}}}],"scattermap":[{"type":"scattermap","marker":{"colorbar":{"outlinewidth":0,"ticks":""}}}],"scattermapbox":[{"type":"scattermapbox","marker":{"colorbar":{"outlinewidth":0,"ticks":""}}}],"scatterternary":[{"type":"scatterternary","marker":{"colorbar":{"outlinewidth":0,"ticks":""}}}],"scattercarpet":[{"type":"scattercarpet","marker":{"colorbar":{"outlinewidth":0,"ticks":""}}}],"carpet":[{"aaxis":{"endlinecolor":"#2a3f5f","gridcolor":"white","linecolor":"white","minorgridcolor":"white","startlinecolor":"#2a3f5f"},"baxis":{"endlinecolor":"#2a3f5f","gridcolor":"white","linecolor":"white","minorgridcolor":"white","startlinecolor":"#2a3f5f"},"type":"carpet"}],"table":[{"cells":{"fill":{"color":"#EBF0F8"},"line":{"color":"white"}},"header":{"fill":{"color":"#C8D4E3"},"line":{"color":"white"}},"type":"table"}],"barpolar":[{"marker":{"line":{"color":"#E5ECF6","width":0.5},"pattern":{"fillmode":"overlay","size":10,"solidity":0.2}},"type":"barpolar"}],"pie":[{"automargin":true,"type":"pie"}]},"layout":{"autotypenumbers":"strict","colorway":["#636efa","#EF553B","#00cc96","#ab63fa","#FFA15A","#19d3f3","#FF6692","#B6E880","#FF97FF","#FECB52"],"font":{"color":"#2a3f5f"},"hovermode":"closest","hoverlabel":{"align":"left"},"paper_bgcolor":"white","plot_bgcolor":"#E5ECF6","polar":{"bgcolor":"#E5ECF6","angularaxis":{"gridcolor":"white","linecolor":"white","ticks":""},"radialaxis":{"gridcolor":"white","linecolor":"white","ticks":""}},"ternary":{"bgcolor":"#E5ECF6","aaxis":{"gridcolor":"white","linecolor":"white","ticks":""},"baxis":{"gridcolor":"white","linecolor":"white","ticks":""},"caxis":{"gridcolor":"white","linecolor":"white","ticks":""}},"coloraxis":{"colorbar":{"outlinewidth":0,"ticks":""}},"colorscale":{"sequential":[[0.0,"#0d0887"],[0.1111111111111111,"#46039f"],[0.2222222222222222,"#7201a8"],[0.3333333333333333,"#9c179e"],[0.4444444444444444,"#bd3786"],[0.5555555555555556,"#d8576b"],[0.6666666666666666,"#ed7953"],[0.7777777777777778,"#fb9f3a"],[0.8888888888888888,"#fdca26"],[1.0,"#f0f921"]],"sequentialminus":[[0.0,"#0d0887"],[0.1111111111111111,"#46039f"],[0.2222222222222222,"#7201a8"],[0.3333333333333333,"#9c179e"],[0.4444444444444444,"#bd3786"],[0.5555555555555556,"#d8576b"],[0.6666666666666666,"#ed7953"],[0.7777777777777778,"#fb9f3a"],[0.8888888888888888,"#fdca26"],[1.0,"#f0f921"]],"diverging":[[0,"#8e0152"],[0.1,"#c51b7d"],[0.2,"#de77ae"],[0.3,"#f1b6da"],[0.4,"#fde0ef"],[0.5,"#f7f7f7"],[0.6,"#e6f5d0"],[0.7,"#b8e186"],[0.8,"#7fbc41"],[0.9,"#4d9221"],[1,"#276419"]]},"xaxis":{"gridcolor":"white","linecolor":"white","ticks":"","title":{"standoff":15},"zerolinecolor":"white","automargin":true,"zerolinewidth":2},"yaxis":{"gridcolor":"white","linecolor":"white","ticks":"","title":{"standoff":15},"zerolinecolor":"white","automargin":true,"zerolinewidth":2},"scene":{"xaxis":{"backgroundcolor":"#E5ECF6","gridcolor":"white","linecolor":"white","showbackground":true,"ticks":"","zerolinecolor":"white","gridwidth":2},"yaxis":{"backgroundcolor":"#E5ECF6","gridcolor":"white","linecolor":"white","showbackground":true,"ticks":"","zerolinecolor":"white","gridwidth":2},"zaxis":{"backgroundcolor":"#E5ECF6","gridcolor":"white","linecolor":"white","showbackground":true,"ticks":"","zerolinecolor":"white","gridwidth":2}},"shapedefaults":{"line":{"color":"#2a3f5f"}},"annotationdefaults":{"arrowcolor":"#2a3f5f","arrowhead":0,"arrowwidth":1},"geo":{"bgcolor":"white","landcolor":"#E5ECF6","subunitcolor":"white","showland":true,"showlakes":true,"lakecolor":"white"},"title":{"x":0.05},"mapbox":{"style":"light"}}},"title":{"text":"Cross-lingual CKA similarity across layers"},"sliders":[{"active":0,"currentvalue":{"prefix":"Layer: "},"pad":{"t":50},"steps":[{"args":[["0"],{"mode":"immediate","frame":{"duration":300}}],"label":"L0","method":"animate"},{"args":[["1"],{"mode":"immediate","frame":{"duration":300}}],"label":"L1","method":"animate"},{"args":[["2"],{"mode":"immediate","frame":{"duration":300}}],"label":"L2","method":"animate"},{"args":[["3"],{"mode":"immediate","frame":{"duration":300}}],"label":"L3","method":"animate"},{"args":[["4"],{"mode":"immediate","frame":{"duration":300}}],"label":"L4","method":"animate"},{"args":[["5"],{"mode":"immediate","frame":{"duration":300}}],"label":"L5","method":"animate"},{"args":[["6"],{"mode":"immediate","frame":{"duration":300}}],"label":"L6","method":"animate"},{"args":[["7"],{"mode":"immediate","frame":{"duration":300}}],"label":"L7","method":"animate"},{"args":[["8"],{"mode":"immediate","frame":{"duration":300}}],"label":"L8","method":"animate"},{"args":[["9"],{"mode":"immediate","frame":{"duration":300}}],"label":"L9","method":"animate"},{"args":[["10"],{"mode":"immediate","frame":{"duration":300}}],"label":"L10","method":"animate"},{"args":[["11"],{"mode":"immediate","frame":{"duration":300}}],"label":"L11","method":"animate"},{"args":[["12"],{"mode":"immediate","frame":{"duration":300}}],"label":"L12","method":"animate"},{"args":[["13"],{"mode":"immediate","frame":{"duration":300}}],"label":"L13","method":"animate"},{"args":[["14"],{"mode":"immediate","frame":{"duration":300}}],"label":"L14","method":"animate"},{"args":[["15"],{"mode":"immediate","frame":{"duration":300}}],"label":"L15","method":"animate"},{"args":[["16"],{"mode":"immediate","frame":{"duration":300}}],"label":"L16","method":"animate"},{"args":[["17"],{"mode":"immediate","frame":{"duration":300}}],"label":"L17","method":"animate"}]}],"width":700,"height":600},                        {"responsive": true}                    ).then(function(){
                            Plotly.addFrames('3b3ee73e-3da7-4adb-b453-008d1931f473', [{"data":[{"colorscale":[[0.0,"rgb(5,48,97)"],[0.1,"rgb(33,102,172)"],[0.2,"rgb(67,147,195)"],[0.3,"rgb(146,197,222)"],[0.4,"rgb(209,229,240)"],[0.5,"rgb(247,247,247)"],[0.6,"rgb(253,219,199)"],[0.7,"rgb(244,165,130)"],[0.8,"rgb(214,96,77)"],[0.9,"rgb(178,24,43)"],[1.0,"rgb(103,0,31)"]],"hovertemplate":"CKA(%{x}, %{y}) = %{z:.3f}\u003cextra\u003e\u003c\u002fextra\u003e","text":[["1.0","0.123","0.069","0.154","0.064","0.067","0.423"],["0.123","1.0","0.097","0.145","0.088","0.085","0.505"],["0.069","0.097","1.0","0.235","0.128","0.053","0.346"],["0.154","0.145","0.235","1.0","0.185","0.097","0.471"],["0.064","0.088","0.128","0.185","1.0","0.055","0.571"],["0.067","0.085","0.053","0.097","0.055","1.0","0.396"],["0.423","0.505","0.346","0.471","0.571","0.396","1.0"]],"texttemplate":"%{text}","x":["English","Spanish","French","Quechua","Russian","Swahili","Turkish"],"y":["English","Spanish","French","Quechua","Russian","Swahili","Turkish"],"z":{"dtype":"f8","bdata":"AAAAAAAA8D8AAACAKWW\u002fPwAAAOArorE\u002fAAAAQLOrwz8AAADA\u002fm6wPwAAAGBeIbE\u002fAAAAoDIS2z8AAACAKWW\u002fPwAAAAAAAPA\u002fAAAAAPzJuD8AAADg6pzCPwAAAGBfbLY\u002fAAAAINzVtT8AAACgNyjgPwAAAOArorE\u002fAAAAAPzJuD8AAAAAAADwPwAAACD1I84\u002fAAAAYN5hwD8AAADAtQarPwAAAMBRIdY\u002fAAAAQLOrwz8AAADg6pzCPwAAACD1I84\u002fAAAAAAAA8D8AAADADqfHPwAAAICH1rg\u002fAAAAQHok3j8AAADA\u002fm6wPwAAAGBfbLY\u002fAAAAYN5hwD8AAADADqfHPwAAAAAAAPA\u002fAAAAgG0OrD8AAAAgkEHiPwAAAGBeIbE\u002fAAAAINzVtT8AAADAtQarPwAAAICH1rg\u002fAAAAgG0OrD8AAAAAAADwPwAAAEB8X9k\u002fAAAAoDIS2z8AAACgNyjgPwAAAMBRIdY\u002fAAAAQHok3j8AAAAgkEHiPwAAAEB8X9k\u002fAAAAAAAA8D8=","shape":"7, 7"},"zmax":1,"zmin":0,"type":"heatmap"}],"name":"0"},{"data":[{"colorscale":[[0.0,"rgb(5,48,97)"],[0.1,"rgb(33,102,172)"],[0.2,"rgb(67,147,195)"],[0.3,"rgb(146,197,222)"],[0.4,"rgb(209,229,240)"],[0.5,"rgb(247,247,247)"],[0.6,"rgb(253,219,199)"],[0.7,"rgb(244,165,130)"],[0.8,"rgb(214,96,77)"],[0.9,"rgb(178,24,43)"],[1.0,"rgb(103,0,31)"]],"hovertemplate":"CKA(%{x}, %{y}) = %{z:.3f}\u003cextra\u003e\u003c\u002fextra\u003e","text":[["1.0","0.133","0.071","0.169","0.066","0.07","0.411"],["0.133","1.0","0.104","0.167","0.096","0.088","0.484"],["0.071","0.104","1.0","0.203","0.115","0.059","0.369"],["0.169","0.167","0.203","1.0","0.193","0.133","0.577"],["0.066","0.096","0.115","0.193","1.0","0.062","0.579"],["0.07","0.088","0.059","0.133","0.062","1.0","0.406"],["0.411","0.484","0.369","0.577","0.579","0.406","1.0"]],"texttemplate":"%{text}","x":["English","Spanish","French","Quechua","Russian","Swahili","Turkish"],"y":["English","Spanish","French","Quechua","Russian","Swahili","Turkish"],"z":{"dtype":"f8","bdata":"AAAAAAAA8D8AAADA6wLBPwAAAIB8RbI\u002fAAAAIOSrxT8AAADgQ\u002fSwPwAAAOAE97E\u002fAAAAIHdG2j8AAADA6wLBPwAAAAAAAPA\u002fAAAAoHCHuj8AAAAgxGXFPwAAAAA3qLg\u002fAAAAYCOetj8AAAAAef3ePwAAAIB8RbI\u002fAAAAoHCHuj8AAAAAAADwPwAAAED8Cco\u002fAAAAAKtxvT8AAACgBDyuPwAAAIABmdc\u002fAAAAIOSrxT8AAAAgxGXFPwAAAED8Cco\u002fAAAAAAAA8D8AAAAgAavIPwAAACAKCME\u002fAAAAQHx24j8AAADgQ\u002fSwPwAAAAA3qLg\u002fAAAAAKtxvT8AAAAgAavIPwAAAAAAAPA\u002fAAAAYBCurz8AAABgi4TiPwAAAOAE97E\u002fAAAAYCOetj8AAACgBDyuPwAAACAKCME\u002fAAAAYBCurz8AAAAAAADwPwAAACCYA9o\u002fAAAAIHdG2j8AAAAAef3ePwAAAIABmdc\u002fAAAAQHx24j8AAABgi4TiPwAAACCYA9o\u002fAAAAAAAA8D8=","shape":"7, 7"},"zmax":1,"zmin":0,"type":"heatmap"}],"name":"1"},{"data":[{"colorscale":[[0.0,"rgb(5,48,97)"],[0.1,"rgb(33,102,172)"],[0.2,"rgb(67,147,195)"],[0.3,"rgb(146,197,222)"],[0.4,"rgb(209,229,240)"],[0.5,"rgb(247,247,247)"],[0.6,"rgb(253,219,199)"],[0.7,"rgb(244,165,130)"],[0.8,"rgb(214,96,77)"],[0.9,"rgb(178,24,43)"],[1.0,"rgb(103,0,31)"]],"hovertemplate":"CKA(%{x}, %{y}) = %{z:.3f}\u003cextra\u003e\u003c\u002fextra\u003e","text":[["1.0","0.135","0.074","0.178","0.064","0.071","0.417"],["0.135","1.0","0.103","0.18","0.097","0.09","0.5"],["0.074","0.103","1.0","0.196","0.109","0.06","0.363"],["0.178","0.18","0.196","1.0","0.186","0.142","0.582"],["0.064","0.097","0.109","0.186","1.0","0.062","0.569"],["0.071","0.09","0.06","0.142","0.062","1.0","0.392"],["0.417","0.5","0.363","0.582","0.569","0.392","1.0"]],"texttemplate":"%{text}","x":["English","Spanish","French","Quechua","Russian","Swahili","Turkish"],"y":["English","Spanish","French","Quechua","Russian","Swahili","Turkish"],"z":{"dtype":"f8","bdata":"AAAAAAAA8D8AAAAgGk3BPwAAAABsD7M\u002fAAAAoN\u002fPxj8AAADgq4CwPwAAAECOObI\u002fAAAAIBSy2j8AAAAgGk3BPwAAAAAAAPA\u002fAAAAYD1duj8AAADgFBPHPwAAAOCu4Lg\u002fAAAAwPvwtj8AAACgd\u002f7fPwAAAABsD7M\u002fAAAAYD1duj8AAAAAAADwPwAAAKAgEck\u002fAAAAYEbOuz8AAADg8oeuPwAAAMDyNtc\u002fAAAAoN\u002fPxj8AAADgFBPHPwAAAKAgEck\u002fAAAAAAAA8D8AAABgSdfHPwAAAOBILsI\u002fAAAAwCSh4j8AAADgq4CwPwAAAOCu4Lg\u002fAAAAYEbOuz8AAABgSdfHPwAAAAAAAPA\u002fAAAAIEqFrz8AAAAgUTbiPwAAAECOObI\u002fAAAAwPvwtj8AAADg8oeuPwAAAOBILsI\u002fAAAAIEqFrz8AAAAAAADwPwAAAEBUHNk\u002fAAAAIBSy2j8AAACgd\u002f7fPwAAAMDyNtc\u002fAAAAwCSh4j8AAAAgUTbiPwAAAEBUHNk\u002fAAAAAAAA8D8=","shape":"7, 7"},"zmax":1,"zmin":0,"type":"heatmap"}],"name":"2"},{"data":[{"colorscale":[[0.0,"rgb(5,48,97)"],[0.1,"rgb(33,102,172)"],[0.2,"rgb(67,147,195)"],[0.3,"rgb(146,197,222)"],[0.4,"rgb(209,229,240)"],[0.5,"rgb(247,247,247)"],[0.6,"rgb(253,219,199)"],[0.7,"rgb(244,165,130)"],[0.8,"rgb(214,96,77)"],[0.9,"rgb(178,24,43)"],[1.0,"rgb(103,0,31)"]],"hovertemplate":"CKA(%{x}, %{y}) = %{z:.3f}\u003cextra\u003e\u003c\u002fextra\u003e","text":[["1.0","0.14","0.071","0.183","0.063","0.068","0.418"],["0.14","1.0","0.1","0.186","0.102","0.091","0.508"],["0.071","0.1","1.0","0.194","0.097","0.057","0.355"],["0.183","0.186","0.194","1.0","0.177","0.141","0.615"],["0.063","0.102","0.097","0.177","1.0","0.06","0.58"],["0.068","0.091","0.057","0.141","0.06","1.0","0.379"],["0.418","0.508","0.355","0.615","0.58","0.379","1.0"]],"texttemplate":"%{text}","x":["English","Spanish","French","Quechua","Russian","Swahili","Turkish"],"y":["English","Spanish","French","Quechua","Russian","Swahili","Turkish"],"z":{"dtype":"f8","bdata":"AAAAAAAA8D8AAABAduzBPwAAAECyQLI\u002fAAAAQLVhxz8AAAAgVDmwPwAAAKC0YrE\u002fAAAA4MPC2j8AAABAduzBPwAAAAAAAPA\u002fAAAAIDKsuT8AAADgmMDHPwAAAMB5F7o\u002fAAAAoJlptz8AAACAUUXgPwAAAECyQLI\u002fAAAAIDKsuT8AAAAAAADwPwAAAKB71sg\u002fAAAAYEzquD8AAACAivqsPwAAAAAIudY\u002fAAAAQLVhxz8AAADgmMDHPwAAAKB71sg\u002fAAAAAAAA8D8AAADA3KHGPwAAAGCbEcI\u002fAAAA4Muq4z8AAAAgVDmwPwAAAMB5F7o\u002fAAAAYEzquD8AAADA3KHGPwAAAAAAAPA\u002fAAAAgGeZrj8AAADg5oviPwAAAKC0YrE\u002fAAAAoJlptz8AAACAivqsPwAAAGCbEcI\u002fAAAAgGeZrj8AAAAAAADwPwAAAMCSOdg\u002fAAAA4MPC2j8AAACAUUXgPwAAAAAIudY\u002fAAAA4Muq4z8AAADg5oviPwAAAMCSOdg\u002fAAAAAAAA8D8=","shape":"7, 7"},"zmax":1,"zmin":0,"type":"heatmap"}],"name":"3"},{"data":[{"colorscale":[[0.0,"rgb(5,48,97)"],[0.1,"rgb(33,102,172)"],[0.2,"rgb(67,147,195)"],[0.3,"rgb(146,197,222)"],[0.4,"rgb(209,229,240)"],[0.5,"rgb(247,247,247)"],[0.6,"rgb(253,219,199)"],[0.7,"rgb(244,165,130)"],[0.8,"rgb(214,96,77)"],[0.9,"rgb(178,24,43)"],[1.0,"rgb(103,0,31)"]],"hovertemplate":"CKA(%{x}, %{y}) = %{z:.3f}\u003cextra\u003e\u003c\u002fextra\u003e","text":[["1.0","0.143","0.074","0.186","0.069","0.068","0.416"],["0.143","1.0","0.103","0.198","0.111","0.092","0.514"],["0.074","0.103","1.0","0.193","0.096","0.052","0.341"],["0.186","0.198","0.193","1.0","0.188","0.143","0.629"],["0.069","0.111","0.096","0.188","1.0","0.061","0.584"],["0.068","0.092","0.052","0.143","0.061","1.0","0.377"],["0.416","0.514","0.341","0.629","0.584","0.377","1.0"]],"texttemplate":"%{text}","x":["English","Spanish","French","Quechua","Russian","Swahili","Turkish"],"y":["English","Spanish","French","Quechua","Russian","Swahili","Turkish"],"z":{"dtype":"f8","bdata":"AAAAAAAA8D8AAAAgQELCPwAAAGBtErM\u002fAAAAgG7Cxz8AAADA5aCxPwAAAEDPUbE\u002fAAAAAHOc2j8AAAAgQELCPwAAAAAAAPA\u002fAAAAYEFZuj8AAABAdE3JPwAAACCmVrw\u002fAAAAgCymtz8AAACgXnTgPwAAAGBtErM\u002fAAAAYEFZuj8AAAAAAADwPwAAAEBjxMg\u002fAAAAwLxyuD8AAADgqsSqPwAAAKCn19U\u002fAAAAgG7Cxz8AAABAdE3JPwAAAEBjxMg\u002fAAAAAAAA8D8AAACg2g\u002fIPwAAAEAqR8I\u002fAAAAQOIi5D8AAADA5aCxPwAAACCmVrw\u002fAAAAwLxyuD8AAACg2g\u002fIPwAAAAAAAPA\u002fAAAAwMwNrz8AAABAv7PiPwAAAEDPUbE\u002fAAAAgCymtz8AAADgqsSqPwAAAEAqR8I\u002fAAAAwMwNrz8AAAAAAADwPwAAAIAqHNg\u002fAAAAAHOc2j8AAACgXnTgPwAAAKCn19U\u002fAAAAQOIi5D8AAABAv7PiPwAAAIAqHNg\u002fAAAAAAAA8D8=","shape":"7, 7"},"zmax":1,"zmin":0,"type":"heatmap"}],"name":"4"},{"data":[{"colorscale":[[0.0,"rgb(5,48,97)"],[0.1,"rgb(33,102,172)"],[0.2,"rgb(67,147,195)"],[0.3,"rgb(146,197,222)"],[0.4,"rgb(209,229,240)"],[0.5,"rgb(247,247,247)"],[0.6,"rgb(253,219,199)"],[0.7,"rgb(244,165,130)"],[0.8,"rgb(214,96,77)"],[0.9,"rgb(178,24,43)"],[1.0,"rgb(103,0,31)"]],"hovertemplate":"CKA(%{x}, %{y}) = %{z:.3f}\u003cextra\u003e\u003c\u002fextra\u003e","text":[["1.0","0.141","0.075","0.187","0.07","0.07","0.426"],["0.141","1.0","0.104","0.201","0.113","0.094","0.525"],["0.075","0.104","1.0","0.19","0.092","0.055","0.359"],["0.187","0.201","0.19","1.0","0.187","0.139","0.635"],["0.07","0.113","0.092","0.187","1.0","0.062","0.588"],["0.07","0.094","0.055","0.139","0.062","1.0","0.389"],["0.426","0.525","0.359","0.635","0.588","0.389","1.0"]],"texttemplate":"%{text}","x":["English","Spanish","French","Quechua","Russian","Swahili","Turkish"],"y":["English","Spanish","French","Quechua","Russian","Swahili","Turkish"],"z":{"dtype":"f8","bdata":"AAAAAAAA8D8AAABA+APCPwAAAGD\u002fJbM\u002fAAAAAD7kxz8AAACAZwmyPwAAAECLzrE\u002fAAAAIK5H2z8AAABA+APCPwAAAAAAAPA\u002fAAAAAL2Huj8AAABAzLjJPwAAAIDV3Lw\u002fAAAAgHIhuD8AAAAAucjgPwAAAGD\u002fJbM\u002fAAAAAL2Huj8AAAAAAADwPwAAAGAyRMg\u002fAAAAwA+stz8AAACg\u002ffGrPwAAAGDi9NY\u002fAAAAAD7kxz8AAABAzLjJPwAAAGAyRMg\u002fAAAAAAAA8D8AAABgWO3HPwAAAGAzx8E\u002fAAAAwPZT5D8AAACAZwmyPwAAAIDV3Lw\u002fAAAAwA+stz8AAABgWO3HPwAAAAAAAPA\u002fAAAA4Pmbrz8AAACgSNHiPwAAAECLzrE\u002fAAAAgHIhuD8AAACg\u002ffGrPwAAAGAzx8E\u002fAAAA4Pmbrz8AAAAAAADwPwAAAOBW49g\u002fAAAAIK5H2z8AAAAAucjgPwAAAGDi9NY\u002fAAAAwPZT5D8AAACgSNHiPwAAAOBW49g\u002fAAAAAAAA8D8=","shape":"7, 7"},"zmax":1,"zmin":0,"type":"heatmap"}],"name":"5"},{"data":[{"colorscale":[[0.0,"rgb(5,48,97)"],[0.1,"rgb(33,102,172)"],[0.2,"rgb(67,147,195)"],[0.3,"rgb(146,197,222)"],[0.4,"rgb(209,229,240)"],[0.5,"rgb(247,247,247)"],[0.6,"rgb(253,219,199)"],[0.7,"rgb(244,165,130)"],[0.8,"rgb(214,96,77)"],[0.9,"rgb(178,24,43)"],[1.0,"rgb(103,0,31)"]],"hovertemplate":"CKA(%{x}, %{y}) = %{z:.3f}\u003cextra\u003e\u003c\u002fextra\u003e","text":[["1.0","0.142","0.077","0.187","0.072","0.07","0.42"],["0.142","1.0","0.106","0.204","0.115","0.097","0.52"],["0.077","0.106","1.0","0.196","0.09","0.056","0.371"],["0.187","0.204","0.196","1.0","0.19","0.142","0.642"],["0.072","0.115","0.09","0.19","1.0","0.063","0.591"],["0.07","0.097","0.056","0.142","0.063","1.0","0.397"],["0.42","0.52","0.371","0.642","0.591","0.397","1.0"]],"texttemplate":"%{text}","x":["English","Spanish","French","Quechua","Russian","Swahili","Turkish"],"y":["English","Spanish","French","Quechua","Russian","Swahili","Turkish"],"z":{"dtype":"f8","bdata":"AAAAAAAA8D8AAACAvzjCPwAAAICzs7M\u002fAAAAgMLpxz8AAACAH2uyPwAAAOCgz7E\u002fAAAAAFXe2j8AAACAvzjCPwAAAAAAAPA\u002fAAAAQENAuz8AAAAgOhnKPwAAAACnab0\u002fAAAAgF7MuD8AAACgmqTgPwAAAICzs7M\u002fAAAAQENAuz8AAAAAAADwPwAAAODZCsk\u002fAAAAgIkPtz8AAAAgpnOsPwAAAMBjxNc\u002fAAAAgMLpxz8AAAAgOhnKPwAAAODZCsk\u002fAAAAAAAA8D8AAABANVjIPwAAAADnKMI\u002fAAAAgE6M5D8AAACAH2uyPwAAAACnab0\u002fAAAAgIkPtz8AAABANVjIPwAAAAAAAPA\u002fAAAAQBslsD8AAAAAReviPwAAAOCgz7E\u002fAAAAgF7MuD8AAAAgpnOsPwAAAADnKMI\u002fAAAAQBslsD8AAAAAAADwPwAAAKCEYtk\u002fAAAAAFXe2j8AAACgmqTgPwAAAMBjxNc\u002fAAAAgE6M5D8AAAAAReviPwAAAKCEYtk\u002fAAAAAAAA8D8=","shape":"7, 7"},"zmax":1,"zmin":0,"type":"heatmap"}],"name":"6"},{"data":[{"colorscale":[[0.0,"rgb(5,48,97)"],[0.1,"rgb(33,102,172)"],[0.2,"rgb(67,147,195)"],[0.3,"rgb(146,197,222)"],[0.4,"rgb(209,229,240)"],[0.5,"rgb(247,247,247)"],[0.6,"rgb(253,219,199)"],[0.7,"rgb(244,165,130)"],[0.8,"rgb(214,96,77)"],[0.9,"rgb(178,24,43)"],[1.0,"rgb(103,0,31)"]],"hovertemplate":"CKA(%{x}, %{y}) = %{z:.3f}\u003cextra\u003e\u003c\u002fextra\u003e","text":[["1.0","0.152","0.085","0.187","0.079","0.074","0.42"],["0.152","1.0","0.116","0.213","0.123","0.101","0.531"],["0.085","0.116","1.0","0.207","0.098","0.061","0.386"],["0.187","0.213","0.207","1.0","0.206","0.146","0.654"],["0.079","0.123","0.098","0.206","1.0","0.067","0.604"],["0.074","0.101","0.061","0.146","0.067","1.0","0.396"],["0.42","0.531","0.386","0.654","0.604","0.396","1.0"]],"texttemplate":"%{text}","x":["English","Spanish","French","Quechua","Russian","Swahili","Turkish"],"y":["English","Spanish","French","Quechua","Russian","Swahili","Turkish"],"z":{"dtype":"f8","bdata":"AAAAAAAA8D8AAACgLWzDPwAAAKBet7U\u002fAAAAoHT3xz8AAADA3iK0PwAAAKCI2bI\u002fAAAAoCno2j8AAACgLWzDPwAAAAAAAPA\u002fAAAAIH6xvT8AAACgFUTLPwAAAEBrl78\u002fAAAAgC\u002fsuT8AAACARP7gPwAAAKBet7U\u002fAAAAIH6xvT8AAAAAAADwPwAAAKDheco\u002fAAAA4HUAuT8AAACgDzKvPwAAAEAPuNg\u002fAAAAoHT3xz8AAACgFUTLPwAAAKDheco\u002fAAAAAAAA8D8AAADgzGHKPwAAAADgu8I\u002fAAAAYF3w5D8AAADA3iK0PwAAAEBrl78\u002fAAAA4HUAuT8AAADgzGHKPwAAAAAAAPA\u002fAAAAwMQRsT8AAADAclfjPwAAAKCI2bI\u002fAAAAgC\u002fsuT8AAACgDzKvPwAAAADgu8I\u002fAAAAwMQRsT8AAAAAAADwPwAAAOAtX9k\u002fAAAAoCno2j8AAACARP7gPwAAAEAPuNg\u002fAAAAYF3w5D8AAADAclfjPwAAAOAtX9k\u002fAAAAAAAA8D8=","shape":"7, 7"},"zmax":1,"zmin":0,"type":"heatmap"}],"name":"7"},{"data":[{"colorscale":[[0.0,"rgb(5,48,97)"],[0.1,"rgb(33,102,172)"],[0.2,"rgb(67,147,195)"],[0.3,"rgb(146,197,222)"],[0.4,"rgb(209,229,240)"],[0.5,"rgb(247,247,247)"],[0.6,"rgb(253,219,199)"],[0.7,"rgb(244,165,130)"],[0.8,"rgb(214,96,77)"],[0.9,"rgb(178,24,43)"],[1.0,"rgb(103,0,31)"]],"hovertemplate":"CKA(%{x}, %{y}) = %{z:.3f}\u003cextra\u003e\u003c\u002fextra\u003e","text":[["1.0","0.156","0.09","0.184","0.081","0.074","0.418"],["0.156","1.0","0.12","0.215","0.128","0.103","0.537"],["0.09","0.12","1.0","0.217","0.102","0.068","0.412"],["0.184","0.215","0.217","1.0","0.217","0.158","0.66"],["0.081","0.128","0.102","0.217","1.0","0.073","0.612"],["0.074","0.103","0.068","0.158","0.073","1.0","0.419"],["0.418","0.537","0.412","0.66","0.612","0.419","1.0"]],"texttemplate":"%{text}","x":["English","Spanish","French","Quechua","Russian","Swahili","Turkish"],"y":["English","Spanish","French","Quechua","Russian","Swahili","Turkish"],"z":{"dtype":"f8","bdata":"AAAAAAAA8D8AAAAAlvDDPwAAAKBbHLc\u002fAAAAoBiDxz8AAAAgMZ20PwAAAEAeCLM\u002fAAAA4FjG2j8AAAAAlvDDPwAAAAAAAPA\u002fAAAAACPXvj8AAACAcYrLPwAAAIBQVsA\u002fAAAA4FJfuj8AAAAAvSvhPwAAAKBbHLc\u002fAAAAACPXvj8AAAAAAADwPwAAAMBFvcs\u002fAAAAoPAOuj8AAAAge1CxPwAAAKDEW9o\u002fAAAAoBiDxz8AAACAcYrLPwAAAMBFvcs\u002fAAAAAAAA8D8AAABg6b\u002fLPwAAAKDYKsQ\u002fAAAAgAsc5T8AAAAgMZ20PwAAAIBQVsA\u002fAAAAoPAOuj8AAABg6b\u002fLPwAAAAAAAPA\u002fAAAAgNOSsj8AAABgUJjjPwAAAEAeCLM\u002fAAAA4FJfuj8AAAAge1CxPwAAAKDYKsQ\u002fAAAAgNOSsj8AAAAAAADwPwAAACATyto\u002fAAAA4FjG2j8AAAAAvSvhPwAAAKDEW9o\u002fAAAAgAsc5T8AAABgUJjjPwAAACATyto\u002fAAAAAAAA8D8=","shape":"7, 7"},"zmax":1,"zmin":0,"type":"heatmap"}],"name":"8"},{"data":[{"colorscale":[[0.0,"rgb(5,48,97)"],[0.1,"rgb(33,102,172)"],[0.2,"rgb(67,147,195)"],[0.3,"rgb(146,197,222)"],[0.4,"rgb(209,229,240)"],[0.5,"rgb(247,247,247)"],[0.6,"rgb(253,219,199)"],[0.7,"rgb(244,165,130)"],[0.8,"rgb(214,96,77)"],[0.9,"rgb(178,24,43)"],[1.0,"rgb(103,0,31)"]],"hovertemplate":"CKA(%{x}, %{y}) = %{z:.3f}\u003cextra\u003e\u003c\u002fextra\u003e","text":[["1.0","0.164","0.095","0.183","0.086","0.075","0.416"],["0.164","1.0","0.126","0.217","0.137","0.105","0.537"],["0.095","0.126","1.0","0.221","0.105","0.07","0.422"],["0.183","0.217","0.221","1.0","0.221","0.164","0.676"],["0.086","0.137","0.105","0.221","1.0","0.075","0.619"],["0.075","0.105","0.07","0.164","0.075","1.0","0.424"],["0.416","0.537","0.422","0.676","0.619","0.424","1.0"]],"texttemplate":"%{text}","x":["English","Spanish","French","Quechua","Russian","Swahili","Turkish"],"y":["English","Spanish","French","Quechua","Russian","Swahili","Turkish"],"z":{"dtype":"f8","bdata":"AAAAAAAA8D8AAABAEfXEPwAAAIDdQbg\u002fAAAAIHZ2xz8AAACANQC2PwAAAICsQLM\u002fAAAAoFSY2j8AAABAEfXEPwAAAAAAAPA\u002fAAAA4BwawD8AAACA0rvLPwAAAMDlfsE\u002fAAAAoIDjuj8AAAAgyjHhPwAAAIDdQbg\u002fAAAA4BwawD8AAAAAAADwPwAAAADJPsw\u002fAAAA4OPuuj8AAAAAJtaxPwAAAAAe\u002fNo\u002fAAAAIHZ2xz8AAACA0rvLPwAAAADJPsw\u002fAAAAAAAA8D8AAABAxlTMPwAAAMDnB8U\u002fAAAAoOWe5T8AAACANQC2PwAAAMDlfsE\u002fAAAA4OPuuj8AAABAxlTMPwAAAAAAAPA\u002fAAAAYOJSsz8AAABAI8\u002fjPwAAAICsQLM\u002fAAAAoIDjuj8AAAAAJtaxPwAAAMDnB8U\u002fAAAAYOJSsz8AAAAAAADwPwAAAGACINs\u002fAAAAoFSY2j8AAAAgyjHhPwAAAAAe\u002fNo\u002fAAAAoOWe5T8AAABAI8\u002fjPwAAAGACINs\u002fAAAAAAAA8D8=","shape":"7, 7"},"zmax":1,"zmin":0,"type":"heatmap"}],"name":"9"},{"data":[{"colorscale":[[0.0,"rgb(5,48,97)"],[0.1,"rgb(33,102,172)"],[0.2,"rgb(67,147,195)"],[0.3,"rgb(146,197,222)"],[0.4,"rgb(209,229,240)"],[0.5,"rgb(247,247,247)"],[0.6,"rgb(253,219,199)"],[0.7,"rgb(244,165,130)"],[0.8,"rgb(214,96,77)"],[0.9,"rgb(178,24,43)"],[1.0,"rgb(103,0,31)"]],"hovertemplate":"CKA(%{x}, %{y}) = %{z:.3f}\u003cextra\u003e\u003c\u002fextra\u003e","text":[["1.0","0.172","0.102","0.184","0.094","0.078","0.416"],["0.172","1.0","0.133","0.228","0.15","0.11","0.536"],["0.102","0.133","1.0","0.217","0.104","0.072","0.444"],["0.184","0.228","0.217","1.0","0.22","0.166","0.694"],["0.094","0.15","0.104","0.22","1.0","0.078","0.623"],["0.078","0.11","0.072","0.166","0.078","1.0","0.432"],["0.416","0.536","0.444","0.694","0.623","0.432","1.0"]],"texttemplate":"%{text}","x":["English","Spanish","French","Quechua","Russian","Swahili","Turkish"],"y":["English","Spanish","French","Quechua","Russian","Swahili","Turkish"],"z":{"dtype":"f8","bdata":"AAAAAAAA8D8AAACA7PbFPwAAAAAiBLo\u002fAAAAICaSxz8AAACgwwG4PwAAACD1\u002fLM\u002fAAAAoDOk2j8AAACA7PbFPwAAAAAAAPA\u002fAAAAYJgIwT8AAACg0yjNPwAAAGB4QcM\u002fAAAAgLI\u002fvD8AAAAg9CfhPwAAAAAiBLo\u002fAAAAYJgIwT8AAAAAAADwPwAAAEC0zMs\u002fAAAAILS0uj8AAACAtXayPwAAAKAtZtw\u002fAAAAICaSxz8AAACg0yjNPwAAAEC0zMs\u002fAAAAAAAA8D8AAAAA0DXMPwAAAACcN8U\u002fAAAAoPk45j8AAACgwwG4PwAAAGB4QcM\u002fAAAAILS0uj8AAAAA0DXMPwAAAAAAAPA\u002fAAAAwDjqsz8AAABgOPHjPwAAACD1\u002fLM\u002fAAAAgLI\u002fvD8AAACAtXayPwAAAACcN8U\u002fAAAAwDjqsz8AAAAAAADwPwAAAEBSqds\u002fAAAAoDOk2j8AAAAg9CfhPwAAAKAtZtw\u002fAAAAoPk45j8AAABgOPHjPwAAAEBSqds\u002fAAAAAAAA8D8=","shape":"7, 7"},"zmax":1,"zmin":0,"type":"heatmap"}],"name":"10"},{"data":[{"colorscale":[[0.0,"rgb(5,48,97)"],[0.1,"rgb(33,102,172)"],[0.2,"rgb(67,147,195)"],[0.3,"rgb(146,197,222)"],[0.4,"rgb(209,229,240)"],[0.5,"rgb(247,247,247)"],[0.6,"rgb(253,219,199)"],[0.7,"rgb(244,165,130)"],[0.8,"rgb(214,96,77)"],[0.9,"rgb(178,24,43)"],[1.0,"rgb(103,0,31)"]],"hovertemplate":"CKA(%{x}, %{y}) = %{z:.3f}\u003cextra\u003e\u003c\u002fextra\u003e","text":[["1.0","0.166","0.098","0.184","0.09","0.083","0.416"],["0.166","1.0","0.136","0.232","0.147","0.111","0.552"],["0.098","0.136","1.0","0.215","0.102","0.07","0.463"],["0.184","0.232","0.215","1.0","0.213","0.157","0.658"],["0.09","0.147","0.102","0.213","1.0","0.072","0.626"],["0.083","0.111","0.07","0.157","0.072","1.0","0.433"],["0.416","0.552","0.463","0.658","0.626","0.433","1.0"]],"texttemplate":"%{text}","x":["English","Spanish","French","Quechua","Russian","Swahili","Turkish"],"y":["English","Spanish","French","Quechua","Russian","Swahili","Turkish"],"z":{"dtype":"f8","bdata":"AAAAAAAA8D8AAACgjkzFPwAAACAXI7k\u002fAAAA4H99xz8AAACAaxS3PwAAAED3NrU\u002fAAAAQEKj2j8AAACgjkzFPwAAAAAAAPA\u002fAAAAICFrwT8AAADglabNPwAAACCnwcI\u002fAAAAoIplvD8AAADAZqnhPwAAACAXI7k\u002fAAAAICFrwT8AAAAAAADwPwAAAMBkfss\u002fAAAAYJYIuj8AAADAewqyPwAAAOB4nN0\u002fAAAA4H99xz8AAADglabNPwAAAMBkfss\u002fAAAAAAAA8D8AAACAbTPLPwAAAODJKMQ\u002fAAAAoJ8L5T8AAACAaxS3PwAAACCnwcI\u002fAAAAYJYIuj8AAACAbTPLPwAAAAAAAPA\u002fAAAAgClOsj8AAACg6wfkPwAAAED3NrU\u002fAAAAoIplvD8AAADAewqyPwAAAODJKMQ\u002fAAAAgClOsj8AAAAAAADwPwAAAGBNt9s\u002fAAAAQEKj2j8AAADAZqnhPwAAAOB4nN0\u002fAAAAoJ8L5T8AAACg6wfkPwAAAGBNt9s\u002fAAAAAAAA8D8=","shape":"7, 7"},"zmax":1,"zmin":0,"type":"heatmap"}],"name":"11"},{"data":[{"colorscale":[[0.0,"rgb(5,48,97)"],[0.1,"rgb(33,102,172)"],[0.2,"rgb(67,147,195)"],[0.3,"rgb(146,197,222)"],[0.4,"rgb(209,229,240)"],[0.5,"rgb(247,247,247)"],[0.6,"rgb(253,219,199)"],[0.7,"rgb(244,165,130)"],[0.8,"rgb(214,96,77)"],[0.9,"rgb(178,24,43)"],[1.0,"rgb(103,0,31)"]],"hovertemplate":"CKA(%{x}, %{y}) = %{z:.3f}\u003cextra\u003e\u003c\u002fextra\u003e","text":[["1.0","0.183","0.108","0.185","0.099","0.085","0.423"],["0.183","1.0","0.143","0.234","0.158","0.119","0.554"],["0.108","0.143","1.0","0.218","0.106","0.074","0.491"],["0.185","0.234","0.218","1.0","0.231","0.17","0.644"],["0.099","0.158","0.106","0.231","1.0","0.078","0.638"],["0.085","0.119","0.074","0.17","0.078","1.0","0.455"],["0.423","0.554","0.491","0.644","0.638","0.455","1.0"]],"texttemplate":"%{text}","x":["English","Spanish","French","Quechua","Russian","Swahili","Turkish"],"y":["English","Spanish","French","Quechua","Russian","Swahili","Turkish"],"z":{"dtype":"f8","bdata":"AAAAAAAA8D8AAACg8mrHPwAAAMCNlbs\u002fAAAAAEyexz8AAAAg1Ei5PwAAAEC9orU\u002fAAAAoAga2z8AAACg8mrHPwAAAAAAAPA\u002fAAAAAKJTwj8AAACAvfjNPwAAACC7NsQ\u002fAAAAAAFvvj8AAADAb7bhPwAAAMCNlbs\u002fAAAAAKJTwj8AAAAAAADwPwAAAADx78s\u002fAAAAADgzuz8AAADAPOiyPwAAAMBVbt8\u002fAAAAAEyexz8AAACAvfjNPwAAAADx78s\u002fAAAAAAAA8D8AAABAW5LNPwAAACAlw8U\u002fAAAAQL6Y5D8AAAAg1Ei5PwAAACC7NsQ\u002fAAAAADgzuz8AAABAW5LNPwAAAAAAAPA\u002fAAAA4Dzwsz8AAADgI2zkPwAAAEC9orU\u002fAAAAAAFvvj8AAADAPOiyPwAAACAlw8U\u002fAAAA4Dzwsz8AAAAAAADwPwAAAEB+IN0\u002fAAAAoAga2z8AAADAb7bhPwAAAMBVbt8\u002fAAAAQL6Y5D8AAADgI2zkPwAAAEB+IN0\u002fAAAAAAAA8D8=","shape":"7, 7"},"zmax":1,"zmin":0,"type":"heatmap"}],"name":"12"},{"data":[{"colorscale":[[0.0,"rgb(5,48,97)"],[0.1,"rgb(33,102,172)"],[0.2,"rgb(67,147,195)"],[0.3,"rgb(146,197,222)"],[0.4,"rgb(209,229,240)"],[0.5,"rgb(247,247,247)"],[0.6,"rgb(253,219,199)"],[0.7,"rgb(244,165,130)"],[0.8,"rgb(214,96,77)"],[0.9,"rgb(178,24,43)"],[1.0,"rgb(103,0,31)"]],"hovertemplate":"CKA(%{x}, %{y}) = %{z:.3f}\u003cextra\u003e\u003c\u002fextra\u003e","text":[["1.0","0.191","0.118","0.181","0.104","0.088","0.423"],["0.191","1.0","0.154","0.277","0.176","0.139","0.591"],["0.118","0.154","1.0","0.193","0.096","0.075","0.498"],["0.181","0.277","0.193","1.0","0.212","0.206","0.673"],["0.104","0.176","0.096","0.212","1.0","0.083","0.63"],["0.088","0.139","0.075","0.206","0.083","1.0","0.498"],["0.423","0.591","0.498","0.673","0.63","0.498","1.0"]],"texttemplate":"%{text}","x":["English","Spanish","French","Quechua","Russian","Swahili","Turkish"],"y":["English","Spanish","French","Quechua","Russian","Swahili","Turkish"],"z":{"dtype":"f8","bdata":"AAAAAAAA8D8AAAAgu3PIPwAAAMCtI74\u002fAAAAwKo3xz8AAADAHpa6PwAAACDAmrY\u002fAAAAQIAa2z8AAAAgu3PIPwAAAAAAAPA\u002fAAAAQKK0wz8AAACAyrPRPwAAAIBlj8Y\u002fAAAA4FO7wT8AAAAA\u002f+ziPwAAAMCtI74\u002fAAAAQKK0wz8AAAAAAADwPwAAAOBdpsg\u002fAAAAIJ16uD8AAACg7iWzPwAAACB23t8\u002fAAAAwKo3xz8AAACAyrPRPwAAAOBdpsg\u002fAAAAAAAA8D8AAADAYzLLPwAAAGB5aMo\u002fAAAAQPmF5T8AAADAHpa6PwAAAIBlj8Y\u002fAAAAIJ16uD8AAADAYzLLPwAAAAAAAPA\u002fAAAAYD06tT8AAAAgXCbkPwAAACDAmrY\u002fAAAA4FO7wT8AAACg7iWzPwAAAGB5aMo\u002fAAAAYD06tT8AAAAAAADwPwAAAEA03N8\u002fAAAAQIAa2z8AAAAA\u002f+ziPwAAACB23t8\u002fAAAAQPmF5T8AAAAgXCbkPwAAAEA03N8\u002fAAAAAAAA8D8=","shape":"7, 7"},"zmax":1,"zmin":0,"type":"heatmap"}],"name":"13"},{"data":[{"colorscale":[[0.0,"rgb(5,48,97)"],[0.1,"rgb(33,102,172)"],[0.2,"rgb(67,147,195)"],[0.3,"rgb(146,197,222)"],[0.4,"rgb(209,229,240)"],[0.5,"rgb(247,247,247)"],[0.6,"rgb(253,219,199)"],[0.7,"rgb(244,165,130)"],[0.8,"rgb(214,96,77)"],[0.9,"rgb(178,24,43)"],[1.0,"rgb(103,0,31)"]],"hovertemplate":"CKA(%{x}, %{y}) = %{z:.3f}\u003cextra\u003e\u003c\u002fextra\u003e","text":[["1.0","0.165","0.107","0.169","0.107","0.087","0.387"],["0.165","1.0","0.129","0.24","0.155","0.13","0.507"],["0.107","0.129","1.0","0.165","0.078","0.069","0.514"],["0.169","0.24","0.165","1.0","0.193","0.242","0.7"],["0.107","0.155","0.078","0.193","1.0","0.081","0.571"],["0.087","0.13","0.069","0.242","0.081","1.0","0.507"],["0.387","0.507","0.514","0.7","0.571","0.507","1.0"]],"texttemplate":"%{text}","x":["English","Spanish","French","Quechua","Russian","Swahili","Turkish"],"y":["English","Spanish","French","Quechua","Russian","Swahili","Turkish"],"z":{"dtype":"f8","bdata":"AAAAAAAA8D8AAAAAZCfFPwAAAGCwYrs\u002fAAAAQKiqxT8AAADAX3i7PwAAAEAdV7Y\u002fAAAAIOPG2D8AAAAAZCfFPwAAAAAAAPA\u002fAAAA4LJywD8AAAAgPLnOPwAAAKBk0MM\u002fAAAAAGuowD8AAABgNjzgPwAAAGCwYrs\u002fAAAA4LJywD8AAAAAAADwPwAAAODPJ8U\u002fAAAAwJjksz8AAABAc5qxPwAAAOALceA\u002fAAAAQKiqxT8AAAAgPLnOPwAAAODPJ8U\u002fAAAAAAAA8D8AAACA9LXIPwAAAOBq\u002fM4\u002fAAAA4BJp5j8AAADAX3i7PwAAAKBk0MM\u002fAAAAwJjksz8AAACA9LXIPwAAAAAAAPA\u002fAAAAwNDHtD8AAABgykbiPwAAAEAdV7Y\u002fAAAAAGuowD8AAABAc5qxPwAAAOBq\u002fM4\u002fAAAAwNDHtD8AAAAAAADwPwAAAIBUOOA\u002fAAAAIOPG2D8AAABgNjzgPwAAAOALceA\u002fAAAA4BJp5j8AAABgykbiPwAAAIBUOOA\u002fAAAAAAAA8D8=","shape":"7, 7"},"zmax":1,"zmin":0,"type":"heatmap"}],"name":"14"},{"data":[{"colorscale":[[0.0,"rgb(5,48,97)"],[0.1,"rgb(33,102,172)"],[0.2,"rgb(67,147,195)"],[0.3,"rgb(146,197,222)"],[0.4,"rgb(209,229,240)"],[0.5,"rgb(247,247,247)"],[0.6,"rgb(253,219,199)"],[0.7,"rgb(244,165,130)"],[0.8,"rgb(214,96,77)"],[0.9,"rgb(178,24,43)"],[1.0,"rgb(103,0,31)"]],"hovertemplate":"CKA(%{x}, %{y}) = %{z:.3f}\u003cextra\u003e\u003c\u002fextra\u003e","text":[["1.0","0.134","0.096","0.153","0.099","0.085","0.334"],["0.134","1.0","0.109","0.232","0.123","0.129","0.433"],["0.096","0.109","1.0","0.161","0.068","0.07","0.441"],["0.153","0.232","0.161","1.0","0.17","0.302","0.683"],["0.099","0.123","0.068","0.17","1.0","0.076","0.46"],["0.085","0.129","0.07","0.302","0.076","1.0","0.483"],["0.334","0.433","0.441","0.683","0.46","0.483","1.0"]],"texttemplate":"%{text}","x":["English","Spanish","French","Quechua","Russian","Swahili","Turkish"],"y":["English","Spanish","French","Quechua","Russian","Swahili","Turkish"],"z":{"dtype":"f8","bdata":"AAAAAAAA8D8AAACA4TLBPwAAAKA8pbg\u002fAAAAoOaUwz8AAABA8Va5PwAAAAAIzLU\u002fAAAAALFa1T8AAACA4TLBPwAAAAAAAPA\u002fAAAAgCjjuz8AAADAF7rNPwAAAGCEl78\u002fAAAAYBeMwD8AAAAAmbrbPwAAAKA8pbg\u002fAAAAgCjjuz8AAAAAAADwPwAAAAB7qcQ\u002fAAAA4BiGsT8AAABAmM+xPwAAAAAeO9w\u002fAAAAoOaUwz8AAADAF7rNPwAAAAB7qcQ\u002fAAAAAAAA8D8AAADgm9HFPwAAAKDoVtM\u002fAAAAIPXb5T8AAABA8Va5PwAAAGCEl78\u002fAAAA4BiGsT8AAADgm9HFPwAAAAAAAPA\u002fAAAAgGOCsz8AAACAwG3dPwAAAAAIzLU\u002fAAAAYBeMwD8AAABAmM+xPwAAAKDoVtM\u002fAAAAgGOCsz8AAAAAAADwPwAAAGBa4t4\u002fAAAAALFa1T8AAAAAmbrbPwAAAAAeO9w\u002fAAAAIPXb5T8AAACAwG3dPwAAAGBa4t4\u002fAAAAAAAA8D8=","shape":"7, 7"},"zmax":1,"zmin":0,"type":"heatmap"}],"name":"15"},{"data":[{"colorscale":[[0.0,"rgb(5,48,97)"],[0.1,"rgb(33,102,172)"],[0.2,"rgb(67,147,195)"],[0.3,"rgb(146,197,222)"],[0.4,"rgb(209,229,240)"],[0.5,"rgb(247,247,247)"],[0.6,"rgb(253,219,199)"],[0.7,"rgb(244,165,130)"],[0.8,"rgb(214,96,77)"],[0.9,"rgb(178,24,43)"],[1.0,"rgb(103,0,31)"]],"hovertemplate":"CKA(%{x}, %{y}) = %{z:.3f}\u003cextra\u003e\u003c\u002fextra\u003e","text":[["1.0","0.14","0.098","0.151","0.093","0.088","0.314"],["0.14","1.0","0.1","0.232","0.11","0.129","0.384"],["0.098","0.1","1.0","0.172","0.072","0.074","0.383"],["0.151","0.232","0.172","1.0","0.175","0.324","0.608"],["0.093","0.11","0.072","0.175","1.0","0.076","0.4"],["0.088","0.129","0.074","0.324","0.076","1.0","0.427"],["0.314","0.384","0.383","0.608","0.4","0.427","1.0"]],"texttemplate":"%{text}","x":["English","Spanish","French","Quechua","Russian","Swahili","Turkish"],"y":["English","Spanish","French","Quechua","Russian","Swahili","Turkish"],"z":{"dtype":"f8","bdata":"AAAAAAAA8D8AAAAg9d7BPwAAAKDqHLk\u002fAAAAAP1Uwz8AAAAAiLq3PwAAAIDxpbY\u002fAAAAwAUZ1D8AAAAg9d7BPwAAAAAAAPA\u002fAAAAoEmquT8AAACADqXNPwAAAMCeGrw\u002fAAAAQPyEwD8AAAAgz5nYPwAAAKDqHLk\u002fAAAAoEmquT8AAAAAAADwPwAAAGDq+cU\u002fAAAAwFVrsj8AAACA1OayPwAAAOBCgtg\u002fAAAAAP1Uwz8AAACADqXNPwAAAGDq+cU\u002fAAAAAAAA8D8AAABAVWvGPwAAAKBRvNQ\u002fAAAAIOVy4z8AAAAAiLq3PwAAAMCeGrw\u002fAAAAwFVrsj8AAABAVWvGPwAAAAAAAPA\u002fAAAAwL52sz8AAAAARJLZPwAAAIDxpbY\u002fAAAAQPyEwD8AAACA1OayPwAAAKBRvNQ\u002fAAAAwL52sz8AAAAAAADwPwAAACCrWNs\u002fAAAAwAUZ1D8AAAAgz5nYPwAAAOBCgtg\u002fAAAAIOVy4z8AAAAARJLZPwAAACCrWNs\u002fAAAAAAAA8D8=","shape":"7, 7"},"zmax":1,"zmin":0,"type":"heatmap"}],"name":"16"},{"data":[{"colorscale":[[0.0,"rgb(5,48,97)"],[0.1,"rgb(33,102,172)"],[0.2,"rgb(67,147,195)"],[0.3,"rgb(146,197,222)"],[0.4,"rgb(209,229,240)"],[0.5,"rgb(247,247,247)"],[0.6,"rgb(253,219,199)"],[0.7,"rgb(244,165,130)"],[0.8,"rgb(214,96,77)"],[0.9,"rgb(178,24,43)"],[1.0,"rgb(103,0,31)"]],"hovertemplate":"CKA(%{x}, %{y}) = %{z:.3f}\u003cextra\u003e\u003c\u002fextra\u003e","text":[["1.0","0.132","0.101","0.121","0.088","0.094","0.304"],["0.132","1.0","0.099","0.225","0.101","0.122","0.367"],["0.101","0.099","1.0","0.177","0.075","0.071","0.343"],["0.121","0.225","0.177","1.0","0.171","0.314","0.532"],["0.088","0.101","0.075","0.171","1.0","0.076","0.369"],["0.094","0.122","0.071","0.314","0.076","1.0","0.405"],["0.304","0.367","0.343","0.532","0.369","0.405","1.0"]],"texttemplate":"%{text}","x":["English","Spanish","French","Quechua","Russian","Swahili","Turkish"],"y":["English","Spanish"